0.00
0.00
4.00
4.00
4.00
3.14
4.00
4.00
4.00
4.00
4.00
4.00
4.00
4.00
4.00
4.00
4.00
4.00
4.00
4.00
4.00
4.00
4.00
4.00
4.00
4.00
4.92
4.92
4.92
4.92
4.92
4.92
4.92
4.92
4.92
4.92
4.92
4.92
4.92
4.92
4.92
4.92
4.40
4.40
4.59
4.59
4.59
4.59
4.59
4.59
4.59
4.59
4.59
4.59
4.59
4.59
4.59
4.59
4.59
4.59
4.59
4.59
4.59
4.59
4.59
4.59
4.59
4.59
4.59
4.59
4.59
4.59
4.59
4.59
4.59
4.59
4.59
4.59
4.59
4.59
4.59
4.59
4.59
4.59
4.59
4.59
4.59
4.59
4.59
4.29
4.29
4.29
4.29
4.29
4.29
4.29
4.29
4.29
4.29
4.29
4.29
4.29
4.29
4.29
4.00
4.00
4.00
4.00
3.76
3.76
3.76
3.76
3.76
3.76
3.76
3.76
3.76
3.76
3.76
3.76
3.76
3.76
3.76
3.76
3.76
3.76
3.76
3.76
3.76
3.76
3.76
3.76
3.76
3.76
3.76
3.76
3.76
3.76
3.76
3.76
3.76
3.76
3.76
3.76
3.76
3.76
3.76
3.76
3.76
3.76
3.76
3.76
3.76
3.76
3.76
3.76
3.76
3.76
3.76
3.76
3.76
3.76
3.76
3.76
3.76
3.76
3.76
3.76
3.76
3.76
3.76
3.76
3.76
3.76
3.76
3.76
3.76
3.76
3.76
3.76
3.76
3.76
3.76
3.76
3.76
3.76
3.76
3.76
3.76
3.76
3.76
3.76
3.76
3.76
3.76
3.76
3.76
3.76
3.76
3.76
3.76
3.76
3.76
3.76
3.76
3.76
3.76
3.76
3.76
3.76
3.76
3.76
3.76
3.76
3.76
3.76
3.76
3.76
3.76
3.76
3.76
3.76
3.76
3.76
3.76
3.76
3.76
3.76
3.76
3.76
3.76
3.76
3.76
3.76
3.76
3.76
3.76
3.76
3.76
3.76
3.76
3.76
3.76
3.76
3.76
3.76
3.76
3.76
3.70
3.70
3.70
3.70
3.70
3.70
3.70
3.70
3.70
3.70
3.70
3.70
3.70
3.70
3.70
3.70
3.70
3.70
3.70
3.70
3.70
3.70
3.70
3.70
3.70
3.70
3.52
3.52
3.52
3.52
3.52
3.52
3.52
3.52
3.52
3.52
3.59
3.59
3.59
3.59
3.59
3.59
3.59
3.59
3.59
3.59
3.59
3.59
3.59
3.59
3.59
3.59
3.59
3.59
3.59
3.59
3.59
3.59
3.59
3.59
3.59
3.59
3.59
3.59
3.59
3.59
3.59
3.59
3.59
3.59
3.59
3.59
3.59
3.59
3.59
3.59
3.59
3.59
3.59
3.59
3.59
3.59
0.00
0.00
0.00
0.00
2.00
2.00
2.00
2.00
2.00
2.00
2.00
2.00
2.00
2.00
2.00
2.00
2.00
2.57
2.57
2.57
2.57
2.57
2.57
2.57
2.57
2.57
2.57
2.57
2.57
2.57
2.57
2.73
2.73
2.73
2.73
2.73
2.73
2.73
2.73
2.73
2.73
2.73
2.73
2.73
2.73
2.73
2.73
2.73
2.73
2.73
2.73
2.73
2.73
2.73
2.73
2.73
2.73
2.73
2.73
2.73
2.73
2.73
2.73
2.73
2.73
2.73
2.73
2.73
2.73
2.73
2.73
2.73
2.73
2.73
2.73
2.73
2.73
2.73
2.73
2.73
2.73
2.73
2.73
2.73
2.73
